# oST version 5.0 parameters


[image]

width
640

height
480

[narrow_stereo]

camera matrix
609.057692 0.000000 324.511442
0.000000 609.242630 244.583354
0.000000 0.000000 1.000000

distortion
-0.184844 0.351098 0.002838 0.000415 0.000000

rectification
1.000000 0.000000 0.000000
0.000000 1.000000 0.000000
0.000000 0.000000 1.000000

projection
600.938843 0.000000 323.956705 0.000000
0.000000 600.329468 245.138324 0.000000
0.000000 0.000000 1.000000 0.000000
